File: ./hwmcc19/single/aig/wolf/2019C/qspiflash_dualflexpress_divfive-p059.aig
Command: ~/coding_env/rIC3/target/release/rIC3 -e ic3 --ic3-dynamic ./hwmcc19/single/aig/wolf/2019C/qspiflash_dualflexpress_divfive-p059.aig
Started at: Tue 15 Apr 2025 03:02:47 AM CST
----------------------------------------
the model to be checked: /data/guangyuh/coding_env/MC-aig-only-benchmark/hwmcc19/single/aig/wolf/2019C/qspiflash_dualflexpress_divfive-p059.aig
[0, 0, 0, 0, 0, 0, 0, 0, 0, 0, 0, 0, 0, 0, 0, 0, 0, 0, 0, 0, 0, 0, 0, 0, 0, 0, 0, 0, 0, 0, 0, 0, 0, 0, 0, 0, 0, 0, 0, 0, 0, 0, 0, 0, 0, 0, 0, 0, 0, 0, 0, 0, 0, 0, 0, 0, 0, 0, 0, 0, 0, 0, 0, 0, 0, 0, 0, 0, 0, 0, 0, 0, 0, 0, 0, 0, 0, 0, 0, 0, 0, 0, 0, 0, 0, 0, 0, 0, 0, 0, 0, 0, 0, 0, 0, 0, 0, 0, 0, 0, 0, 0, 0, 0, 0, 0, 0, 0, 0, 0, 0, 0, 0, 0, 0, 0, 0, 0, 0, 0, 0, 0, 0, 0, 0, 0, 0, 0, 0, 0, 0, 0, 0, 0, 0, 0, 0, 0, 0, 0, 0, 0, 0, 0, 0, 0, 0, 0, 0, 0, 0, 0, 0, 0, 0, 0, 0, 0, 0, 0, 0, 0, 0, 0, 0, 0, 0, 0, 0, 0, 0, 0, 0, 0, 0, 0, 0, 0, 0, 0, 0, 0, 0, 0, 0, 0, 0, 0, 0, 0, 0, 0, 0, 0, 0, 0, 0, 0, 0, 0, 0, 0, 0, 0, 0, 1, 1669, 4184]
109 2 5 6 3 5 5 7 7 7 4 2 2 2 2 2 2 4 2 2 2 1 1 1 1 1 2 1 1 1 1 1 2 1 1 1 1 2 1 1 1 1 1 1 1 1 1 1 2 1 1 1 1 1 2 1 1 1 1 1 2 1 1 1 1 1 2 1 2 1 1 1 2 1 1 1 1 1 1 1 1 1 1 1 1 1 1 1 1 1 1 1 1 1 1 1 1 1 1 1 1 1 1 1 1 1 1 1 1 1 1 1 1 1 1 1 1 1 1 1 1 1 1 1 1 1 2 1 1 1 1 1 1 1 2 1 1 1 2 1 1 1 1 2 1 1 1 1 2 1 1 1 1 1 2 1 1 1 1 1 1 1 1 1 1 2 1 1 1 1 1 2 1 1 1 1 1 2 1 1 1 1 1 2 1 1 1 1 2 1 1 1 1 1 2 1 1 1 1 2 1 1 2 0 0 0 584 
SolverStatistic {
    num_solve: 227631,
    avg_decide_var: 0.418679,
    num_simplify_subsume: 0,
    num_simplify_self_subsume: 0,
}
Statistic {
    case: qspiflash_dualflexpress_divfive-p059.aig,
    time: 5.01s,
    num_mic: 7189,
    avg_mic_cube_len: 7.003756,
    avg_po_cube_len: 35.267198,
    mic_drop: success: 5927, fail: 43338, success rate: 12.03%,
    num_down: 49265,
    num_down_sat: 87763,
    ctp: success: 0, fail: 76838, success rate: 0.00%,
    num_get_bad: 578,
    overall_block_time: 3.47280935s,
    block_get_bad_time: 92.541346ms,
    block_get_predecessor_time: 332.382801ms,
    block_blocked_time: 336.625048ms,
    block_mic_time: 1.442046266s,
    block_push_time: 827.235251ms,
    overall_propagate_time: 1.134298351s,
    xor_gen: success: 0, fail: 0, success rate: NaN%,
    num_auxiliary_var: 0,
    test: success: 0, fail: 0, success rate: NaN%,
    total_pred_samples: 0,
    successful_pred_samples: 0,
    total_multi_clauses: 0,
    unique_multi_clauses: 0,
}
result: safe
----------------------------------------
STATUS: COMPLETED
Finished at: Tue 15 Apr 2025 03:02:52 AM CST
========================================
